1060
180
1890
1130
1210
240
630
670
690
300
1730
780
1470
1760
1590
1920
690
1910
1100
990
1090
360
1610
1300
1630
130
1820
140
590
110
1560
800
800
1880
1720
450
1400
140
1200
640
440
1810
520
860
410
970
1530
830
1130
1560
1140
550
290
730
630
350
310
1940
1270
570
1560
1230
1140
310
660
680
800
170
1450
830
1580
1120
1070
980
920
1450
1070
340
750
1990
1610
440
1490
990
270
1210
80
1470
730
1950
1400
1840
1750
1880
1890
0
90
1720
330
1290
360
10
1060
1360
1010
1730
570
1520
1310
1790
360
1160
1470
1870
10
1600
910
860
1270
1630
1590
1040
860
1030
1100
470
1460
510
1580
1530
280
1110
540
490
1740
1360
360
1190
620
220
1550
40
960
1620
1130
1460
1900
790
1540
580
470
30
360
990
1430
30
510
410
820
760
550
930
1370
1720
1150
1630
1780
960
1060
510
730
60
1100
1260
1620
1830
780
0
1420
1610
1750
600
630
1790
1380
810
620
200
760
1170
1650
30
420
410
930
870
1890
950
1370
700
1780
380
730
1550
100
1890
1940
1310
120
1430
1710
140
840
850
230
240
440
1900
1250
580
400
1540
730
650
1300
1680
1440
1830
1510
420
590
1620
700
560
1190
180
1810
600
1300
190
340
1260
1580
1780
190
200
300
1410
1390
240
340
780
110
80
900
1560
30
1970
1140
1080
520
1820
1510
1130
1340
210
1790
1880
1210
170
330
200
730
360
460
1930
500
180
300
1230
1460
1430
670
1390
1620
1730
930
1390
700
1240
1050
1630
1560
1780
1560
490
1460
1220
80
1150
1580
1670
1620
140
1110
1270
70
410
1010
960
20
770
1950
1370
1570
860
1450
680
710
690
1510
1990
1550
1950
1040
600
1040
830
1020
1830
1030
290
80
1330
590
1260
1030
240
60
390
260
1880
1770
560
1880
1400
1820
390
70
1250
130
770
1820
1010
1640
1130
1250
800
520
1870
60
470
970
800
260
1780
1580
1420
340
1410
1230
1330
1860
160
220
540
750
1900
550
1310
630
1570
110
660
90
680
620
1330
1540
40
1500
1370
1600
1060
1380
880
1120
1460
590
1570
260
50
1250
1620
1340
1760
1120
850
1130
730
1370
1150
570
100
1900
1720
300
1020
1900
890
1280
1580
1790
530
340
810
230
0
930
1320
850
1840
20
1150
160
1160
1650
290
1440
1690
790
1730
620
1220
1930
1390
1800
850
200
980
120
1310
1310
1470
1800
770
1880
1480
950
1620
530
470
100
1920
1760
900
140
1130
1510
470
140
1140
720
80
1430
1960
1650
380
1100
330
1300
1860
640
1310
1280
240
580
1240
1090
430
360
1160
1270
1780
1160
890
1240
1180
1100
1370
1300
1360
250
970
1080
50
900
1940
1530
1900
1470
1070
1220
940
330
350
480
420
910
1780
870
1700
1530
1970
1550
250
650
160
40
1590
1330
30
540
1660
1200
1230
550
1190
820
1540
40
1580
900
330
60
1610
800
1940
200
1500
130
30
1110
440
1710
170
1740
1590
890
170
1290
1560
1470
380
1120
1140
1390
840
680
50
1420
700
1950
1060
930
230
490
1940
530
1680
280
820
1280
1490
1570
250
1810
480
610
680
900
20
390
410
1680
1170
490
1800
1640
1500
1560
1040
1690
820
170
1640
1750
1240
250
130
320
390
710
620
920
1130
1660
1440
1320
1140
1230
1370
1390
1740
370
1730
1270
640
890
1420
190
1060
1360
1460
1550
1640
1660
1670
560
490
1620
760
890
800
150
1190
1570
280
880
670
940
320
910
500
1360
1600
550
930
950
1840
240
1740
1100
90
1740
200
740
1880
1370
1680
1620
700
720
1060
520
1580
310
1240
1570
1070
1470
270
1300
700
460
1440
90
550
1920
1830
260
510
30
260
200
1220
610
450
420
470
490
1480
1680
850
1880
910
660
1690
140
1030
60
1510
1090
510
370
1960
1250
1880
530
480
1970
410
1410
1210
1880
210
590
220
910
70
720
830
480
890
800
1180
1580
1890
50
1550
270
390
390
490
1750
1730
1330
860
30
1310
1800
150
770
1580
1970
850
1220
1630
770
610
30
1020
1330
460
760
1820
1080
1520
1060
1360
90
1390
1390
190
450
1560
310
1790
530
50
1500
1830
630
160
1170
1170
630
1620
1450
1680
1720
1810
1690
20
1340
740
1830
530
420
1800
1950
1130
50
1070
190
1240
920
1070
860
1160
400
310
910
120
1070
1590
1920
170
850
50
1170
120
1940
1360
1160
900
50
500
1230
730
1960
770
770
660
780
1050
1420
1200
1620
940
1180
440
1530
980
520
1280
1380
1070
200
1230
1320
810
1300
1810
1870
1290
1580
1110
820
70
540
410
1540
1620
1280
370
670
210
440
720
390
1870
960
30
160
1080
810
1360
1720
580
1670
890
20
600
770
1410
250
1550
1930
130
170
1710
910
1990
1290
730
1000
210
720
1000
470
610
260
490
860
860
1580
1020
60
480
930
1980
1280
200
30
1390
1800
1530
1890
1900
1760
80
1860
1460
1550
1170
300
1260
160
160
660
110
170
1720
1060
830
450
1940
1240
10
1090
290
1080
470
1660
1990
760
1850
1390
320
960
1620
1540
930
490
430
1400
270
720
1660
770
980
170
610
1130
250
1780
120
1110
530
1910
1150
1350
490
200
30
350
1020
1000
850
1450
1090
920
1810
1160
280
1480
470
0
720
1530
1470
900
1910
1050
20
1820
1500
100
540
1280
1870
1160
1160
1210
1270
590
1170
1690
90
1430
1290
880
410
720
280
1740
750
1590
1610
700
410
130
1030
430
530
720
1160
1720
1330
1350
460
1970
1520
360
1530
610
1220
1700
130
680
1520
890
430
200
190
1600
1530
250
150
1320
1220
1110
1990
1620
1750
790
1410
1380
720
840
9602
